2.420
2.419
2.419
2.422
2.422
2.423
2.420
2.425
2.431
2.428
2.427
2.422
2.420
2.420
2.422
2.420
2.422
2.422
2.422
2.425
2.426
2.425
2.425
2.427
2.427
2.425
2.425
2.422
2.424
2.424
2.428
2.430
2.428
2.425
2.423
2.422
2.420
2.421
2.422
2.423
2.424
2.422
2.424
2.422
2.422
2.420
2.419
2.420
2.417
2.418
2.417
2.418
2.420
2.420
2.417
2.416
2.418
2.422
2.423
2.422
2.420
2.419
2.422
2.420
2.422
2.423
2.423
2.424
2.424
2.420
2.423
2.420
2.419
2.420
2.419
2.419
2.419
2.420
2.420
2.420
2.420
2.419
2.425
2.425
2.426
2.427
2.426
2.424
2.424
2.424
2.422
2.423
2.423
2.422
2.422
2.422
2.423
2.422
2.422
2.422
2.423
2.423
2.422
2.424
2.422
2.422
2.424
2.422
2.422
2.420
2.420
2.419
2.420
2.419
2.420
2.424
2.425
2.424
2.423
2.422
2.422
2.420
2.422
2.422
2.422
2.422
2.423
2.420
2.422
2.420
2.422
2.420
2.422
2.423
2.422
2.424
2.422
2.423
2.422
2.424
2.422
2.421
2.420
2.421
2.422
2.422
2.422
2.420
2.420
2.419
2.419
2.424
2.429
2.427
2.427
2.428
2.427
2.423
2.423
2.424
2.424
2.425
2.425
2.425
2.424
2.420
2.419
2.419
2.420
2.420
2.425
2.422
2.425
2.426
2.429
2.428
2.427
2.425
2.425
2.425
2.425
2.424
2.423
2.424
2.424
2.422
2.423
2.422
2.422
2.422
2.422
2.422
2.422
2.423
2.424
2.423
2.425
2.422
2.420
2.420
2.419
2.420
2.423
2.421
2.424
2.425
2.427
2.428
2.425
2.420
2.420
2.419
2.418
2.420
2.420
2.425
2.427
2.430
2.428
2.427
2.423
2.423
2.424
2.422
2.423
2.424
2.426
2.427
2.426
2.424
2.424
2.422
2.420
2.419
2.420
2.422
2.422
2.424
2.425
2.428
2.428
2.427
2.424
2.422
2.420
2.416
2.415
2.416
2.417
2.419
2.424
2.427
2.424
2.423
2.422
2.422
2.417
2.420
2.420
2.420
2.420
2.416
2.416
2.422
2.428
2.426
2.424
2.423
2.419
2.420
2.422
2.424
2.424
2.422
2.422
2.422
2.422
2.422
2.421
2.420
2.420
2.420
2.420
2.421
2.423
2.422
2.422
2.422
2.423
2.423
2.422
2.424
2.426
2.422
2.423
2.422
2.422
2.421
2.421
2.420
