2.158
2.159
2.158
2.160
2.158
2.160
2.158
2.159
2.160
2.161
2.160
2.160
2.160
2.160
2.160
2.160
2.162
2.162
2.161
2.161
2.161
2.161
2.163
2.161
2.162
2.162
2.161
2.163
2.163
2.162
2.162
2.162
2.162
2.163
2.161
2.161
2.162
2.161
2.161
2.160
2.160
2.160
2.160
2.161
2.159
2.158
2.158
2.158
2.158
2.158
2.159
2.158
2.157
2.159
2.159
2.160
2.159
2.160
2.158
2.159
2.158
2.159
2.158
2.158
2.158
2.158
2.157
2.158
2.158
2.157
2.157
2.158
2.157
2.159
2.158
2.160
2.159
2.160
2.158
2.158
2.158
2.160
2.159
2.160
2.160
2.160
2.159
2.161
2.158
2.159
2.159
2.158
2.158
2.158
2.158
2.158
2.159
2.158
2.158
2.157
2.157
2.156
2.157
2.157
2.158
2.157
2.157
2.157
2.157
2.156
2.156
2.157
2.156
2.157
2.156
2.156
2.157
2.157
2.158
2.157
2.157
2.157
2.157
2.158
2.157
2.158
2.158
2.158
2.158
2.158
2.158
2.158
2.158
2.158
2.158
2.158
2.158
2.159
2.158
2.160
2.160
2.158
2.160
2.159
2.158
2.159
2.159
2.158
2.159
2.160
2.160
2.159
2.160
2.158
2.159
2.159
2.160
2.158
2.159
2.159
2.159
2.158
2.158
2.158
2.157
2.160
2.157
2.159
2.158
2.158
2.158
2.158
2.158
2.158
2.157
2.158
2.159
2.158
2.157
2.158
2.158
2.157
2.158
2.158
2.158
2.158
2.159
2.158
2.159
2.160
2.159
2.158
2.160
2.158
2.158
2.158
2.160
2.159
2.158
2.159
2.161
2.159
2.160
2.160
2.159
2.159
2.160
2.160
2.161
2.160
2.161
2.161
2.161
2.160
2.161
2.161
2.161
2.160
2.162
2.162
2.161
2.161
2.160
2.161
2.161
2.162
2.161
2.162
2.161
2.161
2.161
2.162
2.161
2.161
2.161
2.160
2.161
2.161
2.161
2.161
2.160
2.161
2.160
2.161
2.160
2.161
2.160
2.161
2.161
2.160
2.160
2.160
2.161
2.161
2.160
2.160
2.161
2.161
2.161
2.161
2.160
2.162
2.160
2.160
2.160
2.161
2.161
2.161
2.161
2.161
2.160
2.160
2.161
2.161
2.161
2.161
2.161
2.161
2.160
2.161
2.162
2.161
2.161
2.161
2.161
2.161
2.160
2.161
2.161
2.161
2.163
2.162
2.161
2.161
2.161
2.161
2.162
2.162
2.161
2.161
