2.557
2.560
2.558
2.558
2.555
2.553
2.551
2.549
2.556
2.549
2.562
2.547
2.555
2.558
2.561
2.557
2.564
2.563
2.558
2.553
2.553
2.552
2.549
2.552
2.555
2.553
2.553
2.552
2.551
2.554
2.553
2.551
2.552
2.556
2.550
2.555
2.558
2.557
2.555
2.555
2.553
2.554
2.553
2.556
2.556
2.558
2.560
2.557
2.567
2.548
2.552
2.552
2.552
2.555
2.550
2.554
2.556
2.560
2.560
2.561
2.556
2.559
2.555
2.563
2.553
2.555
2.549
2.551
2.555
2.562
2.564
2.553
2.557
2.560
2.559
2.556
2.556
2.558
2.558
2.557
2.556
2.555
2.557
2.558
2.556
2.556
2.555
2.556
2.560
2.547
2.547
2.555
2.555
2.555
2.547
2.571
2.572
2.569
2.565
2.561
2.555
2.556
2.557
2.555
2.555
2.558
2.560
2.560
2.558
2.561
2.556
2.559
2.560
2.556
2.558
2.560
2.563
2.561
2.558
2.557
2.559
2.558
2.556
2.552
2.553
2.549
2.546
2.546
2.561
2.558
2.561
2.569
2.562
2.569
2.564
2.571
2.567
2.562
2.556
2.560
2.568
2.564
2.558
2.556
2.555
2.554
2.552
2.561
2.563
2.571
2.564
2.568
2.561
2.556
2.560
2.560
2.559
2.553
2.552
2.553
2.561
2.556
2.552
2.556
2.561
2.558
2.553
2.562
2.560
2.564
2.554
2.555
2.553
2.552
2.555
2.550
2.555
2.558
2.561
2.561
2.558
2.555
2.560
2.557
2.557
2.561
2.563
2.557
2.561
2.561
2.561
2.556
2.556
2.559
2.558
2.559
2.561
2.559
2.558
2.557
2.560
2.561
2.561
2.560
2.568
2.560
2.556
2.561
2.557
2.561
2.560
2.560
2.556
2.552
2.555
2.553
2.554
2.557
2.561
2.563
2.561
2.560
2.557
2.555
2.558
2.554
2.555
2.555
2.564
2.561
2.555
2.558
2.557
2.556
2.556
2.552
2.557
2.562
2.566
2.558
2.564
2.566
2.565
2.558
2.561
2.551
2.558
2.555
2.557
2.561
2.557
2.555
2.556
2.552
2.556
2.557
2.555
2.554
2.555
2.551
2.547
2.553
2.550
2.554
2.556
2.553
2.559
2.560
2.562
2.569
2.561
2.559
2.560
2.558
2.556
2.561
2.558
2.561
2.561
2.556
2.552
2.557
2.558
2.561
2.562
2.560
2.555
2.555
2.557
2.558
2.555
2.550
2.553
2.551
2.563
2.563
2.563
2.563
2.559
2.560
