2.656
2.653
2.656
2.655
2.660
2.660
2.649
2.650
2.650
2.658
2.650
2.649
2.656
2.653
2.652
2.647
2.661
2.666
2.654
2.658
2.662
2.656
2.659
2.660
2.656
2.648
2.657
2.659
2.657
2.652
2.657
2.647
2.655
2.653
2.647
2.661
2.662
2.649
2.661
2.649
2.684
2.662
2.657
2.655
2.647
2.658
2.646
2.670
2.652
2.652
2.655
2.650
2.653
2.656
2.642
2.660
2.649
2.652
2.650
2.658
2.649
2.654
2.652
2.652
2.650
2.649
2.657
2.663
2.664
2.656
2.667
2.669
2.667
2.649
2.655
2.658
2.658
2.653
2.666
2.656
2.654
2.656
2.656
2.653
2.658
2.655
2.649
2.649
2.643
2.640
2.643
2.661
2.663
2.659
2.658
2.662
2.652
2.659
2.653
2.663
2.660
2.650
2.660
2.650
2.661
2.664
2.665
2.658
2.658
2.652
2.659
2.661
2.650
2.663
2.673
2.650
2.653
2.650
2.649
2.654
2.656
2.657
2.654
2.658
2.654
2.656
2.652
2.647
2.667
2.649
2.657
2.660
2.653
2.661
2.661
2.664
2.655
2.653
2.656
2.656
2.656
2.647
2.650
2.656
2.658
2.655
2.653
2.653
2.656
2.656
2.653
2.654
2.652
2.657
2.656
2.653
2.652
2.652
2.652
2.641
2.650
2.650
2.647
2.653
2.658
2.660
2.657
2.661
2.668
2.666
2.679
2.658
2.657
2.653
2.647
2.655
2.666
2.649
2.635
2.663
2.649
2.650
2.650
2.653
2.652
2.660
2.650
2.655
2.655
2.654
2.652
2.660
2.655
2.655
2.664
2.658
2.656
2.649
2.662
2.647
2.666
2.663
2.661
2.653
2.652
2.655
2.655
2.658
2.660
2.656
2.649
2.650
2.653
2.662
2.656
2.650
2.652
2.649
2.646
2.649
2.657
2.650
2.647
2.650
2.645
2.655
2.658
2.653
2.644
2.653
2.649
2.649
2.656
2.663
2.653
2.653
2.655
2.653
2.660
2.650
2.654
2.647
2.650
2.657
2.657
2.653
2.653
2.653
2.658
2.650
2.658
2.647
2.649
2.646
2.658
2.655
2.654
2.649
2.655
2.656
2.650
2.653
2.672
2.662
2.647
2.663
2.658
2.652
2.655
2.649
2.653
2.672
2.667
2.658
2.650
2.649
2.653
2.655
2.651
2.666
2.664
2.646
2.658
2.658
2.655
2.663
2.652
2.663
2.642
2.654
2.657
2.658
2.657
2.658
2.653
2.652
2.649
2.650
2.663
2.655
