2.809
2.790
2.801
2.800
2.798
2.788
2.804
2.803
2.809
2.801
2.798
2.775
2.792
2.811
2.784
2.795
2.822
2.795
2.801
2.785
2.803
2.807
2.793
2.772
2.797
2.792
2.811
2.797
2.799
2.795
2.791
2.795
2.822
2.800
2.789
2.795
2.796
2.804
2.808
2.803
2.811
2.826
2.793
2.807
2.803
2.792
2.790
2.811
2.796
2.785
2.803
2.801
2.791
2.800
2.790
2.785
2.809
2.792
2.800
2.786
2.797
2.810
2.798
2.790
2.804
2.801
2.800
2.796
2.786
2.800
2.802
2.795
2.820
2.795
2.792
2.787
2.800
2.790
2.820
2.812
2.810
2.800
2.801
2.800
2.802
2.798
2.806
2.790
2.802
2.801
2.791
2.790
2.800
2.811
2.804
2.796
2.796
2.790
2.798
2.815
2.793
2.795
2.804
2.805
2.802
2.791
2.801
2.800
2.789
2.795
2.787
2.803
2.786
2.804
2.807
2.804
2.798
2.798
2.790
2.804
2.801
2.796
2.792
2.783
2.792
2.798
2.791
2.784
2.783
2.786
2.795
2.798
2.807
2.793
2.812
2.795
2.808
2.789
2.798
2.794
2.808
2.802
2.806
2.801
2.800
2.781
2.800
2.798
2.802
2.812
2.797
2.796
2.795
2.807
2.793
2.801
2.806
2.811
2.789
2.802
2.803
2.792
2.792
2.801
2.798
2.804
2.793
2.795
2.796
2.797
2.790
2.800
2.807
2.803
2.793
2.800
2.786
2.809
2.796
2.790
2.795
2.790
2.802
2.795
2.798
2.806
2.803
2.812
2.792
2.803
2.776
2.807
2.792
2.800
2.797
2.796
2.790
2.803
2.797
2.790
2.797
2.803
2.798
2.797
2.798
2.809
2.792
2.772
2.788
2.808
2.803
2.801
2.792
2.798
2.796
2.809
2.800
2.781
2.804
2.790
2.795
2.790
2.801
2.798
2.792
2.793
2.808
2.804
2.815
2.820
2.797
2.800
2.793
2.784
2.796
2.800
2.791
2.808
2.779
2.814
2.797
2.781
2.786
2.809
2.808
2.814
2.806
2.786
2.784
2.807
2.793
2.797
2.811
2.806
2.787
2.785
2.792
2.796
2.803
2.801
2.802
2.806
2.808
2.784
2.774
2.795
2.797
2.816
2.802
2.803
2.805
2.801
2.805
2.805
2.777
2.792
2.800
2.814
2.803
2.802
2.800
2.787
2.790
2.776
2.787
2.812
2.813
2.797
2.807
2.797
2.803
2.787
2.793
2.793
2.798
2.797
2.787
2.803
2.819
2.804
