2.736
2.733
2.740
2.736
2.729
2.730
2.736
2.728
2.731
2.714
2.733
2.770
2.733
2.738
2.731
2.742
2.733
2.731
2.731
2.726
2.737
2.729
2.726
2.743
2.737
2.745
2.730
2.726
2.739
2.733
2.736
2.733
2.729
2.728
2.726
2.728
2.733
2.734
2.729
2.731
2.739
2.733
2.732
2.752
2.725
2.745
2.729
2.725
2.742
2.732
2.735
2.735
2.725
2.734
2.737
2.715
2.738
2.743
2.725
2.728
2.726
2.725
2.735
2.743
2.738
2.750
2.719
2.731
2.719
2.739
2.734
2.734
2.724
2.734
2.735
2.719
2.731
2.730
2.738
2.715
2.740
2.751
2.725
2.735
2.742
2.743
2.742
2.746
2.720
2.754
2.752
2.735
2.723
2.734
2.741
2.742
2.739
2.739
2.729
2.734
2.734
2.742
2.722
2.709
2.734
2.746
2.746
2.723
2.741
2.725
2.747
2.722
2.726
2.733
2.742
2.734
2.737
2.734
2.734
2.731
2.728
2.734
2.735
2.728
2.738
2.737
2.734
2.745
2.721
2.733
2.726
2.729
2.740
2.735
2.740
2.728
2.721
2.736
2.733
2.733
2.728
2.724
2.731
2.735
2.734
2.740
2.741
2.748
2.739
2.724
2.725
2.729
2.723
2.733
2.734
2.733
2.725
2.725
2.723
2.754
2.716
2.738
2.731
2.718
2.733
2.733
2.730
2.736
2.726
2.734
2.742
2.734
2.729
2.731
2.727
2.730
2.728
2.727
2.734
2.733
2.733
2.728
2.728
2.739
2.741
2.733
2.751
2.742
2.728
2.747
2.737
2.737
2.723
2.725
2.725
2.727
2.731
2.748
2.721
2.722
2.726
2.741
2.713
2.746
2.737
2.734
2.730
2.731
2.728
2.741
2.735
2.744
2.739
2.717
2.737
2.734
2.727
2.726
2.739
2.752
2.709
2.735
2.726
2.734
2.718
2.737
2.734
2.728
2.725
2.739
2.737
2.722
2.720
2.736
2.733
2.728
2.734
2.728
2.723
2.726
2.734
2.729
2.723
2.744
2.727
2.725
2.756
2.734
2.733
2.729
2.725
2.722
2.730
2.748
2.737
2.752
2.731
2.730
2.736
2.738
2.741
2.739
2.733
2.734
2.729
2.743
2.731
2.741
2.733
2.739
2.718
2.739
2.744
2.739
2.725
2.737
2.729
2.742
2.734
2.741
2.729
2.734
2.737
2.741
2.750
2.733
2.741
2.721
2.726
2.726
2.743
2.735
2.738
2.761
2.752
2.737
2.731
2.730
2.722
2.735
