2.834
2.826
2.832
2.846
2.842
2.836
2.836
2.844
2.837
2.822
2.836
2.840
2.850
2.815
2.847
2.838
2.855
2.840
2.821
2.839
2.844
2.837
2.851
2.831
2.842
2.832
2.846
2.840
2.831
2.843
2.843
2.845
2.814
2.798
2.817
2.834
2.846
2.847
2.824
2.826
2.827
2.832
2.847
2.844
2.836
2.831
2.830
2.835
2.809
2.859
2.830
2.853
2.835
2.822
2.825
2.838
2.840
2.850
2.834
2.837
2.843
2.836
2.845
2.839
2.831
2.837
2.857
2.831
2.837
2.842
2.828
2.849
2.876
2.855
2.850
2.845
2.844
2.832
2.842
2.839
2.845
2.817
2.842
2.834
2.835
2.844
2.834
2.843
2.835
2.829
2.844
2.841
2.834
2.820
2.829
2.830
2.829
2.851
2.839
2.841
2.835
2.839
2.819
2.837
2.831
2.832
2.840
2.841
2.837
2.840
2.836
2.839
2.831
2.853
2.847
2.843
2.819
2.840
2.832
2.842
2.851
2.824
2.839
2.843
2.834
2.825
2.863
2.837
2.829
2.831
2.845
2.827
2.854
2.895
2.846
2.826
2.837
2.839
2.835
2.836
2.835
2.845
2.819
2.834
2.854
2.844
2.832
2.834
2.834
2.828
2.839
2.829
2.843
2.836
2.824
2.845
2.841
2.820
2.834
2.836
2.834
2.829
2.834
2.846
2.842
2.847
2.846
2.851
2.837
2.831
2.839
2.835
2.838
2.832
2.843
2.846
2.848
2.825
2.840
2.858
2.824
2.844
2.832
2.843
2.851
2.834
2.828
2.847
2.837
2.840
2.857
2.847
2.843
2.850
2.852
2.846
2.837
2.849
2.812
2.835
2.840
2.842
2.856
2.854
2.850
2.847
2.842
2.844
2.840
2.840
2.850
2.848
2.826
2.823
2.837
2.832
2.803
2.831
2.850
2.846
2.859
2.795
2.842
2.835
2.832
2.840
2.843
2.840
2.839
2.835
2.843
2.866
2.846
2.845
2.841
2.848
2.834
2.832
2.837
2.840
2.840
2.837
2.843
2.843
2.849
2.839
2.844
2.846
2.837
2.829
2.849
2.850
2.853
2.842
2.841
2.848
2.842
2.845
2.809
2.821
2.817
2.832
2.790
2.849
2.847
2.834
2.817
2.836
2.832
2.828
2.850
2.851
2.821
2.846
2.832
2.843
2.852
2.833
2.835
2.846
2.840
2.839
2.812
2.826
2.830
2.850
2.828
2.847
2.845
2.829
2.839
2.841
2.837
2.843
2.839
2.851
2.830
2.842
2.849
2.826
