2.922
2.893
2.907
2.899
2.882
2.896
2.884
2.892
2.887
2.889
2.890
2.895
2.890
2.878
2.889
2.894
2.899
2.884
2.893
2.891
2.900
2.906
2.890
2.891
2.879
2.881
2.898
2.895
2.901
2.892
2.892
2.904
2.890
2.893
2.899
2.886
2.879
2.898
2.893
2.887
2.892
2.894
2.891
2.892
2.899
2.899
2.893
2.884
2.882
2.903
2.890
2.905
2.891
2.892
2.892
2.873
2.869
2.889
2.892
2.893
2.888
2.889
2.890
2.884
2.880
2.905
2.887
2.889
2.871
2.885
2.885
2.888
2.897
2.884
2.888
2.883
2.884
2.885
2.896
2.884
2.882
2.885
2.863
2.910
2.891
2.877
2.887
2.895
2.887
2.864
2.881
2.886
2.890
2.890
2.882
2.905
2.890
2.886
2.897
2.903
2.898
2.898
2.908
2.893
2.895
2.893
2.881
2.893
2.890
2.874
2.889
2.904
2.895
2.897
2.889
2.890
2.873
2.876
2.884
2.893
2.903
2.897
2.885
2.904
2.909
2.892
2.886
2.889
2.906
2.882
2.895
2.890
2.880
2.888
2.898
2.889
2.896
2.908
2.890
2.890
2.890
2.890
2.917
2.878
2.902
2.893
2.876
2.894
2.890
2.899
2.893
2.893
2.880
2.874
2.892
2.889
2.892
2.889
2.893
2.908
2.874
2.901
2.882
2.879
2.901
2.897
2.876
2.904
2.891
2.899
2.898
2.879
2.890
2.887
2.893
2.889
2.884
2.883
2.881
2.891
2.893
2.873
2.896
2.892
2.895
2.892
2.887
2.889
2.867
2.892
2.881
2.895
2.899
2.898
2.884
2.893
2.886
2.892
2.894
2.889
2.891
2.880
2.885
2.886
2.887
2.887
2.895
2.896
2.912
2.896
2.896
2.871
2.887
2.884
2.891
2.893
2.878
2.876
2.879
2.894
2.900
2.887
2.889
2.883
2.890
2.871
2.880
2.904
2.886
2.885
2.893
2.870
2.888
2.890
2.894
2.891
2.890
2.891
2.882
2.879
2.890
2.892
2.884
2.917
2.885
2.904
2.900
2.886
2.892
2.899
2.885
2.876
2.879
2.899
2.894
2.888
2.910
2.870
2.861
2.890
2.895
2.896
2.910
2.892
2.898
2.889
2.892
2.897
2.888
2.880
2.876
2.862
2.885
2.879
2.879
2.878
2.899
2.882
2.888
2.895
2.884
2.889
2.874
2.887
2.881
2.905
2.890
2.895
2.889
2.898
2.882
2.883
2.887
2.892
2.892
2.890
2.876
2.864
2.869
2.854
