2.942
2.942
2.912
2.927
2.930
2.953
2.954
2.956
2.954
2.939
2.928
2.938
2.930
2.932
2.948
2.930
2.914
2.951
2.953
2.933
2.935
2.932
2.936
2.929
2.935
2.947
2.938
2.933
2.931
2.940
2.935
2.947
2.926
2.920
2.939
2.919
2.911
2.936
2.934
2.929
2.925
2.934
2.946
2.959
2.939
2.920
2.953
2.937
2.928
2.949
2.953
2.931
2.936
2.936
2.944
2.936
2.934
2.935
2.923
2.937
2.926
2.930
2.932
2.945
2.924
2.932
2.926
2.941
2.927
2.940
2.958
2.945
2.948
2.934
2.926
2.948
2.941
2.938
2.937
2.948
2.927
2.946
2.943
2.945
2.932
2.945
2.937
2.944
2.932
2.939
2.922
2.936
2.915
2.942
2.937
2.948
2.948
2.948
2.932
2.915
2.932
2.934
2.939
2.921
2.956
2.947
2.951
2.937
2.945
2.934
2.939
2.930
2.940
2.898
2.929
2.930
2.918
2.925
2.943
2.932
2.938
2.934
2.920
2.934
2.923
2.941
2.937
2.932
2.948
2.945
2.941
2.933
2.964
2.933
2.928
2.937
2.940
2.964
2.937
2.943
2.937
2.932
2.935
2.932
2.945
2.934
2.930
2.932
2.942
2.932
2.932
2.936
2.935
2.924
2.949
2.928
2.931
2.943
2.936
2.923
2.942
2.916
2.923
2.939
2.932
2.917
2.962
2.942
2.935
2.931
2.922
2.931
2.924
2.915
2.915
2.936
2.933
2.930
2.934
2.945
2.929
2.946
2.940
2.937
2.916
2.920
2.944
2.929
2.924
2.937
2.927
2.936
2.943
2.937
2.922
2.946
2.930
2.940
2.945
2.918
2.942
2.933
2.939
2.925
2.951
2.921
2.948
2.945
2.953
2.936
2.931
2.929
2.925
2.943
2.938
2.929
2.944
2.932
2.940
2.946
2.934
2.926
2.931
2.944
2.935
2.948
2.939
2.934
2.931
2.939
2.929
2.939
2.919
2.925
2.936
2.935
2.961
2.938
2.946
2.935
2.942
2.917
2.925
2.954
2.944
2.947
2.935
2.934
2.928
2.927
2.937
2.956
2.917
2.936
2.951
2.929
2.908
2.928
2.929
2.951
2.910
2.930
2.920
2.925
2.946
2.932
2.932
2.925
2.962
2.923
2.939
2.932
2.937
2.936
2.939
2.926
2.951
2.950
2.946
2.927
2.922
2.931
2.932
2.942
2.939
2.931
2.925
2.943
2.930
2.945
2.924
2.925
2.941
2.943
2.931
2.946
2.915
2.905
2.928
2.930
